%%%****************   Function    Ex_2_TraPre     *******************
%{

input:  
        n = 10;    % 时间分区的数目
        m = 400;   % 位置集的大小
        top_n = 3;  % Top n
        p0 =[
            0.000269969,6.25544e-005,5.46119e-005,0.000758065,0.000128665,8.78124e-005,9.26714e-005,5.91594e-005,0.000105221,5.41907e-005,0.000121441,7.2603e-005,0.000505857,0.000131593,6.09809e-005,7.88965e-005,0.000110328,0.000242214,0.000170163,0.000104317,0.000194606,0.000111286,0.000212208,8.40925e-005,5.53175e-005,8.93056e-005,9.90983e-005,7.64608e-005,5.47771e-005,5.43734e-005,0.000153011,0.000160143,8.7373e-005,9.71965e-005,5.7502e-005,5.79619e-005,5.53445e-005,0.000299949,5.66624e-005,8.01456e-005,0.000216682,0.000153688,5.75784e-005,0.000118812,0.000103402,5.23207e-005,0.000129511,0.000118263,7.49246e-005,7.18157e-005,5.32504e-005,0.000163047,0.000131273,0.000171488,5.6185e-005,0.000104452,0.000857064,0.000527145,5.14134e-005,0.00012605,5.92433e-005,0.000164277,0.000147179,6.5484e-005,5.85978e-005,0.00188898,0.00013724,0.000129495,0.000103033,0.00014274,0.000118756,6.04189e-005,0.000110303,0.000103001,5.27403e-005,5.23008e-005,0.000161497,8.52072e-005,0.000104295,7.89751e-005,5.55837e-005,5.79585e-005,0.000612066,0.000201517,6.2206e-005,0.000143153,5.77161e-005,0.00121587,0.000112405,0.000162718,0.000148846,0.000166859,5.05261e-005,0.00027215,8.64824e-005,0.000136773,0.000133962,0.000123638,5.70678e-005,8.21291e-005,0.000115999,0.000146519,0.000235531,5.61069e-005,0.000157841,0.000130795,5.79251e-005,5.47178e-005,5.71392e-005,6.01747e-005,0.000103883,9.88805e-005,0.000126858,0.000100719,7.58678e-005,6.17184e-005,0.000257347,0.000286589,0.000459267,0.000123967,0.0001062,5.24879e-005,0.00011053,5.57388e-005,5.86751e-005,9.63387e-005,7.66738e-005,5.65135e-005,0.00012953,5.86327e-005,0.000192808,6.00152e-005,5.5189e-005,5.52099e-005,6.05063e-005,0.000147552,7.39532e-005,0.000122618,8.54725e-005,5.89572e-005,5.72087e-005,0.000204188,9.91801e-005,5.97139e-005,0.000175394,0.000102044,9.09753e-005,5.62829e-005,0.000239098,5.74413e-005,5.73067e-005,5.52727e-005,5.58024e-005,6.26134e-005,0.000316638,0.000114192,0.000140022,9.10929e-005,0.00015214,0.0003081,5.83723e-005,5.78658e-005,0.000163286,7.23263e-005,0.000381954,9.1107e-005,0.000107762,8.81708e-005,5.11351e-005,0.000100508,0.000433099,5.59953e-005,0.000121534,5.22449e-005,9.81296e-005,0.000336048,0.000135555,0.000159502,0.00011974,5.75305e-005,0.00011251,0.000182181,8.30243e-005,5.56914e-005,0.000173873,5.35762e-005,5.38361e-005,0.000145572,5.8027e-005,6.05356e-005,0.000312419,5.56006e-005,0.000256984,0.000106816,0.000296182,9.78055e-005,5.45403e-005,0.000277108,0.000115391,0.000172202,5.7499e-005,0.000171911,0.000135272,0.000102825,0.000112073,0.000151267,0.000146265,5.85879e-005,0.000505828,8.59652e-005,0.000149304,0.000259732,9.62557e-005,0.000153883,5.82108e-005,0.000823624,8.46634e-005,0.00015996,5.63559e-005,0.000229111,5.72499e-005,5.91728e-005,6.03547e-005,0.000184097,6.99004e-005,5.94426e-005,0.0001341,5.18983e-005,0.000146095,0.000122879,6.04363e-005,5.59156e-005,5.91515e-005,5.66289e-005,5.45838e-005,0.000208378,5.8414e-005,5.28286e-005,4.74915e-005,0.000157417,5.71729e-005,0.000120695,8.51607e-005,5.63922e-005,5.85862e-005,8.74928e-005,6.10725e-005,7.67962e-005,0.000149017,5.72064e-005,0.00024096,0.000300779,4.88189e-005,8.62786e-005,8.95302e-005,5.80166e-005,5.75213e-005,0.000157085,5.91123e-005,0.00012214,5.49075e-005,5.61072e-005,0.000105702,8.77187e-005,5.39342e-005,0.000197653,5.29034e-005,0.000127801,0.000119461,0.000162018,5.36214e-005,0.000109776,0.000254342,5.5887e-005,8.27427e-005,0.000305157,0.000180907,0.000148642,8.45431e-005,0.000127675,5.95256e-005,6.04862e-005,5.41683e-005,0.000132277,0.000127621,8.74991e-005,5.12025e-005,6.1953e-005,0.000163196,5.71169e-005,5.86154e-005,5.61419e-005,9.70246e-005,5.72447e-005,5.46522e-005,7.56318e-005,5.67962e-005,0.000287399,0.000550771,6.07412e-005,6.30605e-005,5.93686e-005,8.83434e-005,5.7601e-005,0.000150379,5.59525e-005,5.70129e-005,9.99197e-005,0.000223422,0.000143264,0.000207101,5.17041e-005,0.000112751,7.65832e-005,5.44576e-005,0.0002071,5.71659e-005,0.000206616,0.000151715,5.54923e-005,6.08739e-005,0.000122863,0.000111064,0.000173609,5.62677e-005,6.18499e-005,0.000123296,0.000223973,8.40635e-005,0.000256899,6.1849e-005,5.46957e-005,0.000106252,5.58531e-005,5.5205e-005,7.61813e-005,0.00019901,0.000102914,0.000247797,5.54746e-005,9.74479e-005,0.000130196,0.000318992,6.28539e-005,8.00365e-005,8.53716e-005,0.000162029,6.08665e-005,5.92417e-005,6.00293e-005,8.3337e-005,8.63405e-005,0.00191759,0.000102017,8.40941e-005,0.000152844,6.21379e-005,0.000178033,5.54846e-005,0.000317223,7.19489e-005,0.000108052,5.82358e-005,5.45027e-005,0.000167643,6.02546e-005,8.60301e-005,5.11568e-005,5.04584e-005,0.000125828,5.72742e-005,0.000386761,0.000376342,8.39623e-005,6.84931e-005,0.000278165,0.000100538,5.50652e-005,5.48014e-005,5.00218e-005,0.000104398,5.58521e-005,5.51508e-005,5.49068e-005,6.70989e-005,0.000114793,0.000110066,6.25906e-005,0.000103085,0.000426908,8.48066e-005,0.000176408,7.62131e-005,9.18993e-005,5.72685e-005,0.000234783,0.000131117,5.50108e-005,0.000184161,5.20173e-005,0.000104599,0.000847285,9.91982e-005,0.000118745,0.000144952,0.00023109,0.000112903,0.000293849,0.000156431,0.000205095,0.000109306,0.00040057,0.00019598,0.00030231,0.000178264,0.000133884,0.000101677,0.000105394,0.000112606,0.0001083,0.000358148,0.000106988,0.000226181,0.000108743,0.000103568,0.000250937,0.000142221,0.000110984,0.000118844,9.94853e-005,0.000202322,0.000248195,0.00021677,0.000171554,0.000106061,0.000252433,0.000112028,0.000169817,0.000286149,0.000227718,9.95116e-005,0.000104719,0.000135419,0.000187313,0.000112805,0.000102413,0.000742888,0.000193162,0.000133136,0.000228988,0.000168217,0.000139256,0.00108391,0.000179349,0.000109641,0.000220542,0.000156548,0.000314631,0.000104104,0.000261101,0.00015482,0.000106737,0.000106173,0.000157348,0.000156385,0.000108784,0.000421187,0.000183626,0.0007815,0.000274653,0.000104735,0.000229607,0.000398049,0.000299586,0.000237229,0.000103792,0.000107999,0.000358539,0.000159473,0.00011498,0.000192538,0.000242551,0.000190969,0.00011436,9.97723e-005,0.000132101,0.000219449,0.000224383,0.000109352,0.000106296,0.000220405,0.000115778,0.000217148,0.000269968,0.000151939,0.000272626,0.000892626,0.000187477,0.000100036,0.000114708,0.000134173,0.000237962,0.000106558,0.000257925,0.000439861,0.000104588,0.000704848,0.000113487,0.000110163,0.000179915,0.000233628,0.000132645,0.000106467,0.000200212,0.000102254,0.000162986,0.000184284,0.000164677,0.000137884,0.000490598,0.000103761,0.00010548,0.000103152,0.000245506,0.000101304,0.000295342,0.000251957,0.000113778,0.000230104,0.00010842,0.000116002,0.000308915,0.000255739,0.000219558,0.000240089,0.000287103,0.000282956,0.000228223,0.000108938,0.000107705,0.000100987,0.000131656,0.000110515,0.000115655,0.000117006,0.000101704,0.000475652,0.000248605,0.000167271,0.00015669,0.000106805,0.000665045,0.000105566,0.000112092,0.000192542,0.000297145,0.000191616,0.000579761,0.000117294,0.000199385,0.000373855,0.000111083,0.0001002,0.000256708,0.000108032,0.000446496,0.000199771,0.000293925,0.000310892,0.000175065,0.000105545,0.000103347,0.000234367,0.000110832,0.000108711,0.000338489,0.000169931,0.000165386,0.000360415,0.000170355,0.00018652,0.000171021,0.000393425,0.000147318,0.000134945,0.000237806,0.000171999,0.000101458,0.000219047,0.000255673,0.000188791,0.000107527,0.000135873,0.00060292,0.000175789,0.000102724,0.000596353,0.000200598,0.000151301,0.000235929,0.000355935,0.000111337,0.000117616,0.000317198,0.00010692,0.000262385,0.000102071,0.000133705,0.000108832,0.000113369,0.000109283,0.000120175,0.000298932,0.000230634,0.000103,0.000289265,0.000295495,0.000112009,0.000233836,9.91689e-005,0.000108485,0.00027181,0.000117093,0.000262814,9.79126e-005,0.000161634,0.000315982,0.000226991,0.000215728,0.000106156,0.000145971,0.000111888,0.00011582,0.000104499,0.000113756,0.000188584,0.000136417,